Ar_m:
[1]   55.1778951   27.7720596 1008.8308720    0.0000000    0.0000000
[6]    0.4580832
Ar_v:
[1]   55.1778951   27.7720596 1008.8308720    0.0000000    0.0000000
[6]    0.4580832
M_m:
[1]  1869.484815  9307.865231 80107.970530     2.500637     1.270991
[6] 12871.642180
tar_r:
          prod_Agri            prod_Min           prod_Manu prod_elect_agua_gas 
       2.340777e-03        1.638132e-03        5.234572e-03        0.000000e+00 
         prod_const           prod_serv 
       0.000000e+00        1.960924e-06 
Arancel calculated:  NA 
